22 3 3311331311 33 131113313331414

Numeri Numeri Numeri Numeri Numeri
Sutrini 33311ιί Stulni mul Sutrini mi saud-ni nutri km'u' mi
31 55 55 145 15 121 101 15 133 33
33 24 55 144 33 133 133 133 131 44
33 11 33 3 31113 105115 152 42
54 150 33 3 33 133 134 133 133 43
33 13 33 143 33 133 133 33 33
33 33 50 143 34 131 105⁸ 134 13⁴ 133
33 34 31 143 55 100 105 151 133 33
33 14 33 113 33 131 105 122 133 33
33 33 33 143 33 133 113 133 133 33
43 133 34 143 33 133 111 133 133 31
41 4 33 3 33 134 1121155 133 33
43 55 55 55 50115 118 13 143 55
43 131 33 15 51 105 115 20 141 33
44 1 33 3 34 120 25 1424180
43 111 33 9² 133 121 22 1420 45
45 51 ⁶⁹ 13 55 111 122 25 145 45
41 125 10 105 34 133 133 13 144 43
43 143 11l 112 55 124 124 15 143 33
43 33 33 150 55 115 125 25 145 55
50 141 14¹ 110 51 101 125 21 141 33
31 3 33 31 33 55 121 55 145 55

52 46 11 120 95125 125 36 149 54
55 58

109 1 100 114 129 51 150⁸ 62
54 142

78 47

Numeri Numeri Numeri Numeri Numeri

wmtwei- wurdtvd- wtud ttttt WM ttttt wum-
nini 3131 1· πω· 13ιαί “ nini 1133131

ιο nm nnn 1111111 Μή
11 11 33 55 41 51
12 12 51 55 42 54
15 15 55 15 45 55
5 14 21 54 44 55
21 15 25 41 45 51
15 15 51 55 451 33
25 1 13 33 33 45 52
2011515 25101 55100 5052
22'1532¹2511 5525 5142
15 20 10 1 33 14 43 33 33 43

Φςοοο-ειωωιιμςιοωμ

μ

1. 72 331 Isidori ad Masonem ep„ de qua 1. supra p. 11 n. 4. 2. 15 555
Leonis III ad Rieulfum ep„ quam 3. infra in 1131313113 Moguntinis.
3. 101 331 Moguntinorum ad Ludovicuml epistola (825-829), quam v.
111133 111 Epistolis Moguntinis. 4. 113-117 sunt epistolae, quas reperies
infra 111 1131313113 Moguntinis. 5. ep. 151 invenies infra in Othloni vita
513011101011 6. 41 4148 relationes Wflrdtweinii 331111

 

