s. 9019199991 99 posu srrsrotss 23

Numeri Numeri Numeri Numeri Numeri

vm. 919999991- wurvd· immi· 1119111991-
n'n' 999991 »tui 99991 91991 nari 91991 99991 91991 999191

99 44 90 99 99 99 119199 ι149 119
94 91 99 99 99 190190 14893
99 14 ⁸¹ 79 100 90 191191 149 9
99 99 99 101 19 199191 199 149
9914 4⁷ 99 91 10211 11 199199 191 149
99 49 94 103 1099 91 194194 199149
999 49 99 99 199· 111 199119 199149
99· 99 99 99 105⁴ 199 199 199 194149
99} 50 91 90 199119 191 194 199 9
99 99 99 199119 199199 199 9
99 199 109 119 199 199 191 144

919 91 119 91 119 1111

91 199 119 114 199 199 190 19

99 40 119199 199199 191141

9 99 104 114 109 1941139 199 140
14² 94 99 119119 1491118 199 1
11 99 99 119190 149 9 194 4

18 91 96 99 117109 144151 165139
79 64 97 102 118127 t 1457150 106ι 8

¹ Numeri Numeri Numeri Numeri Numeri
eihais-i 999191 anuinium· (11191991999191 otterici 999191 unuin! 999191

11 14 15 27 87 40 30 53 74
12 15 25 28 101 41 31 54 48
16 16 75 29 71 42 34 55 49
9 17 72 30 14 43 35 56 58
21 18 73 31 86 44 36 57 50
18 19 32 32 88 45 37 58 53
26 20 10 33 13 46 38 59 54
20 21 23 34 94 47 92 60 51
22 22 91 35 41 48 52 61 60
10 19 23 93 36 39 49 42 62 59
11 24 24 27 37 62 50 43 63 70
12 55 25 28 38 100 51 44 94⁷ 63
13 56 26 57 39 29 52 61 67 65

1. 9919191191 eontinet, ad Bonifatii epistolas 11911 pertinentia 2. 61,
63-65 9111916 ad Bonifatii epistolas non spootant 3. 104 fragmenta
aWiirdtweinio 9911991191ἰί vitis 99119919 praebet. 4. 106 reperies inira
111 01111991 vita Bonifatii. 9. 119-139,149,141,191-19919991191
19199 in Epistolis Mogontinis. 6. 146 991 Isidori ad Masonem op. ds
qua v. supra p.11 n. 4. 7. 65, 66, 113 ad Bonifatianas epistolas noo

9911919191

 

