mnan 000000 737

Eho praepositus 726. 1010000000 0000110100 325.

1150000000οο 000510001105001500, 110- 1000500051, 1100500100 00. 1010100.
aena 457. 491.

150000000010 0005100. 11000000 00 80- 11000οΙ5ιο 455.

ousia. 10001010 712.
menn, nonomine 000000. ano- 00000 ’00. oon. 010.

00000010 178. 249. 1010501000, 1100105οΙ0100 0551100100-
1000000 0. Anda 010 324. 703.

11010 126. 110050010οι, 1001001001, 1000000010,
11050000 055. 10100000 482. 559. 10050000 112. 117. 890. 413. ele.
1105000 63. 517. 570. 599.

81101011 templum 592. 1000000 280.

agnellus praepositus 723. 11000 126.

110100 00. constantiensis 703. 11501500 mon. 255.

110100 055. 8811001001 0151000 Au· 1000000111 papa 401. 610.

0000100010 386. 888. 389. 997. 1001005100, 1005005100 presb. Rom.
11150101, 1110101 461. 475; 0001111501- 0001. 136. 141. 144. 148.

000, floribertus. 11. 00000001100. 418.

11150 8. 320. 1000000100 280.

11005005 0. 0100500100. lano 601.

“ 1110011011000110551553. 10010000, 1001000000 nx. Kanoli 11.
1111005015 00. 1000001 11 1000, filia 713. 714.

Iohannis 00010 01001100 708. Faventinus 00. 8000000100.
Elisabeth 0001150100 00010, filia 00- 10110 0100000 ene-515.

tonisl 00010 80000010. 709. 1000000000 407. 408.
11ιο50050 00. 0000010000 722. 726. 1100010οΙ 709. 712.

10050050 praepositus 725. 1010001000 abbas 4100100010 703.
1005000 111. 51000051 1100. 630. 365. 666. 10015000, 1001500000 00. 8000500000-
S.Ennnneramnni 0000. 10110500. 398. 010 48. 99.

494. 1005500000 presb. 160.
100015000010005100. 00100. 708. 1000000000 574. 576. 579. 583. 587.
eman, 400000, 0000000000. nie. eae. nonenoeane. '

280. 1000000ἰο 612. 626.

110500 0500001000ου0, 00. Trnieets 468. 100001 orientales 461. 705.
Epiphanius 00. silvaecandidae 136. 1000500150οτ 709.

141. 142. 144. 146. 100010, 10000000, 100000000, 100000,
100000100010 00. Blinwannundus. 10001, 1000000 151. 184. 260261.
lippa 48. 441. 442. 446. 447. 449. 462-464.
1100500505, 1100510501ου0, 101000501- 470. 477. 478. 493. 502. 702. 709.

000, 110ὶο0501000, Henohanbnldue 1000000010005100. 00100100010391.

055101οο00010, postea 0005100. 1100. 100005, 10000000, 1015000000, 10-

2. 4. 530. 531. 721. 726. 0500000 0005100. 1100. 2. 3. 336-
1101000501000 perfidus, praesentas 1100. 344. 346. 705. 706. 718.

525. 526. 10000000 l inp. 411. 420. 608. 615.
1100500000 705. ’ 624. 625. 630. 631. 638-641. 643.
1000001000 00. londinensis 167. eia 648. 685. 692- 694. 708.

lani. Bibliotheca 111. 47

 

