738 01011 01100

8111011000 11 imp. 697. 698. 708. 709. (10111000 10 11101111 1105100. liog. 5
8111011000 palatinus Rheni 8. Germania 77. 81. 88. 91. oet.
Frideslaria, 8111001110, 1010051001 (1010110100. llog. 2. 3. 471. 495.

389. 455. 708. (101011 praefectus 80111110 702.
811100111100011 00. 55505000 559. (101001100 rex 24.

8001000000 00. 8100501051. (10110105, (10111505,(100100501,(10110
8101111010 0101. 325. 110 00. llog. 2. 8. 151. 471-473.
8111011000 00. Tungrensis 193. 495. 496.

10111, 70110, 801100000 218. 219. 222. Gisenheim 728.

228. 462. 487. 489. 474. 482. 487. (1100501100 dux 1015000010ιο 705.

499. 500. 504. 506. 522. 530. 531. (1105511101 00. 1101005010. 01 usgue

535. 598. 540. 541. 559. 705. burg. 352.

Pullis, 7011051 (1 228. 474. leo. 585. (11011 ux. (1001111 11 1010. 521 effi.

556. 536. 543. 722. 728.

80110100 01005. 01 abbas S. Dionysii Gleslingaburg enen 246. 489.

281. (1011010101 exepiscopus 182.
(1. 010101 llog. 418. (1010501110 praepos. 8. 11011101 101.
(1. 00100110 Veronensis 407. 727.
Gabinus 00. 11100100. (1010111101 15511 8. 111051 ling. 829.
(11000010 452. 680. 853-855.
8. Gelli 0000. 705. (10111101 dux Alamannorum 702.
(1111101710. (1010111100 Barbatus (lux lotharingiae
Gandirshem 890. 722. 728.
(1111011111 00. 5015010111 418. (1010111100 10 8001001010 848
(11115 320. (1010501110 00111110050110. 862. 863.
(1050501100 ΙΠ 00. 0001110100110 381 (1010100 728.

-383, 888. (1010000110 eomes 320.
(1050501110 15510 10 Gells Paulinae Gotesonlo eomes 728.

414. (1010111101 80.
(108051110015511728. (1015111, Gowibolt 00. 81110500. 457.
(105000 eomes 724. 491.

(1001010111, 1101101100 diae. 0001. Rom. (1000110000. osnabrugensis 721. 728.

154 156. 258. (11180111 101.

(100051010111 005101ηο0005 193. (1110000000101111001111811141144
Georgius presb. 88. 10510011 0180011 148.

138. 141. 144. 147. 8010000001 0001 96. 97.
Georgiusl 00. 11011000. 7. (1000005010082.78-81.85-88.
(100010 100. 101. 137. 159. 219. 221. 227. 259.
(101501101 olor. llog. 819. 484. 445. 448. 450. 454 459.
0101501101 01. 0111. 88. Aquilae 01 Gregorius 111 papa 91. 92. 100-104.

Ρ111010 898. 111. 114. 121. 259. 454458. 459.

(1015111011 archiep. Meg. 2. 4. 899. Gregorius lv papa 325.

709. GregoriusV 0101 851. 352.
(1015011110 11 nrohiep. llog. 2. 4. 711. Gregorius IX 0101 697. 888. 708.
(11111101 8000111409. Gregorius ep. Portneusis 136. 141.
(1015111111 sacerdos 338. 144. 148.

 

