744

Ρο601 ep. 111101101111373.

· Petrus 3101, 110614110. Botion. 414.

Petrus 111 101 4110. 710.

Ρο1101 101101 1100. 663. 664.

mmmffifflffi

Phiiippus 111 101 31110110 710.

Philippus 1v 101 Fr. 712.

Phyphyius, Vivilo, 1711110100. 31111.
103. 106. 106. 457. 491.

3111011001 archiep. Ocionicnsis 361.

31000111. 31001

Pippinus 101 131. 132. 134149163.
182. 184. 231. 232. 268. 281. 468.
461. 468. 470. 471. 477. 478. 484.
492. 493. 496. 600. 602. 702.

Pippinusl 1011 Aquitanico 617.

Pippinus rex 11, 111101 31101111. 702.

Ρ1001101 (40 30111111) 702.

Pisanus 00. 1111601101.

Ρ11101100111 00. Petrus.

Pius 11 0101 6.

Placentia 3683 synodus 380.

Ρο4016101100 667.

Ρο10111 709.

Poppo archiep. 1101110οε11 361.

Ρ1104101101011 0140 708.

Ρ110110111111001110140 707.

Praenestini 000. venantius, 0000,
0011101001.

3100001111 00. 31110.

Ρ1011006101101, 31011016101000 476.
601.

3111101706.

0100111 versus 33.

Procopius presb. 111. S. 0011101 136.
141144148.

Provincia 173.

30110 diuo. 703.

0010111696.

Ρο100 467.

quadrivium 679. 680.

1100000016 126.

3161001, 36161101 110610011οο. 2.
3. 332. 481. 617. 721. 723.

310611 282.

3100οο011111 280.

mnsx 33111111

3100016016 280.

3111101101 196.

310611401 v. 1110611401.

3116111111 00. leodiensis 349.

3111660401, 3111110401, 30160401 101
31010000 76. 441. 446.

3111111011, 3001010111111, 11001001-
6010467.476; 000. (1016114, 1710001

Ravenna 608. 609. 613 sq.; eppei 11·
061000. S. 8010101, 10610101.

3110 praepositus 723.

30006016101 0110100101 340.

300106040 40 Pinguis 646.

3011611401 ep. Η11601111101111 ffli—
383. 391. ’

300010140100. 0010110116 127.

3001131400 00. 3016001001111 193

300010 01100. S. Murice 1100. 727.

300110 praepositus 724.

3001161101 chorepiscopus 616.

30011 676 -·686; 11061000. 41601, uuo,
Arnoii'us3 concilium 393.

S. Remigii 00111 30001111 676

30001 ii. 77. 81. 468. 472. 480. 603.
604. 669. 672. 693. 697. 629. 640.
696. 706. 706. 712.

310611401 obbas 3014011111 634-637.
641. 642.

3106111401 101 710.

3106114011 101 1410101010 414 sq.

3106111 320.

3106011111, 3166011, 31011101 archiep.
1100. 2. 3. iili—319. 716. 716. 721.

31011011 320.

3101601101, 3100601101 001100. 2. 3.

3106016101 ep. Ambienonsis 198.

311101, 3011111000. 1110111481.

10601 lovis 462.

110000 196.

304106οτ0 6.

3040011 1343 v. 3010010010.

30600101 000. 101101, 4011401101.

30611001, 30011001 abbas 101400111
640. 663. 722. 728.

30110111 1101110 623.

 

