734 04044 4444044

34144414, 34144411, 34104411, Baioarii, 31104044414440 649.

34444411 103. 105.115.135.136. 167. 3300000000 40. iporediensi 353.

446. 456-458. 461. 490. 702. 704. 34504 v. 344554.

705. 34454014, 3444014 silva 228480.
3411544004 312. 313. 3440414, 34401 612. 627.

34054434 696, 400. 3505440041, 3404444101οι 728.

Otto Ι. Bonifatius 44414140. 1103. 2. a 3400
34404 4445140. 1143. 2. 4. 518-564. 422 squ. 702. cf. 7100101544.

722. 725. S. 34011443 4444. 30104044 705.
34404 45544 S. 115401 1143. 559. S. 34011443 4441. 3415444141. 418 40.
3443440444 epp. 34114, 34140411 S. Bonifatii 4441 1143. 479.

34044, Beda, 34404 180. 181. 250. 34044014 703.
238-290. 300. 302. 702. Boi-thari 101.
341144 110. - 3444 144114 464.
341444440414 40. 34404104. 34154004, 34044004, 34044004 40
3404411414 530. 5143. 2. 3.
4. 404404 coen. 40040404. noemi 04. 4404000 444.
Benedictus VIII 0404 359. 361. 362. 344004 fl. 464. .
3444014104 40. Nomentanus 130141. 30004450340414 marchio 711.

144. 116. 230. · 3410154504, 3440154 455. 3010. post
Boniventum 301· 40. 3415444141. 362. 531.

34044 4404 1143. 682. 631. 3443401004 44451400401044140414277.
34004 Π 40. 0404540340414 722. 720. 3443001044 276.

3444454004 7. 34415445404040 v. 3445140540ηο40.
3444041004 455. 11144140. 48. 433. 341114οθ4 103.

3444015444 453. 3414140414 40. 1154450.

3445114441 presbyter 71. 3414454104 723.

3445100004, 3444450οᾱ44 4445140. 3001454195.

(1401044. 48. 38. 433. 3440143444 4033044541οι. 390.

3444 45544 4403140414 365-372. 340οο l archiep. (1414014040 343.
3440544004 04. 4440. 111. S. 0140440114 34004 44414140. 1540440414 386.

401. 612. 684. 086. 34004 455. 3144403. 386.
3440544004 455. (3444444340414 333. 3404104 444044 725.

401. 707. 30554, 34504455. 34044454040414
3440544004 (0440.341144144140414)183. 0441 30040414 355. 532.
3444050104 rex 11. 703. 3054 praepositus 725.

3440544104 4031440011οωί4 317-319, 30334, 303340, 30330 4554114444 74.
344154 04. 3454411 44314 Galliae 352. 233. 230. 254. 273.

34415311 490. 30445443, 3444544404 44414414 112
3144153345 312. 313. 117.123; 40. 71111404.

3441141004 IV 004 zaringiae 690. 3043544004, 3444544004304455444104
344411404, 3444411004 40. 1143. 2. 3. 40. 7114415043. 103. 124. 127. 163
344414 0444οο41104 728. 185. 193. 461. 475. 430. 497.

31034, 3103014 634. 649-051. 688. 3044544004 Ι 40. wormatiensis 362.

711. 712. 721. 3444544044 4404444144 114341044εο.
3144414450ῑο 4440475491. 8. Victoris 482. ’

 

