INDEX
RERUM MEMORABILIUM.

1110 470. 1101010 011010009001101 01000110·

1110Ιί110 00. 311100οι1010ἰο 669. 11100 49.

1101 0101100. 11011010. 131. 133134. 1101110110 11000011, 0101100.11ος.1
163. 11011100101100001,0101100.1100.0

, ’11011111 706. 1101110101 Rom. 6. 711.

0001011 101010 33. 1101110 VIII 001100 de 110110 710.

1110, 0110110, Reddo 00. 1100111- 1111011οΠ 0000 333.

101010 103.137.193. Adrianus 1v 0000 403. 633. 636.
11011010 00. 101111101οἰ0 361. 1001111110 00. 1101101010 336. 337.
1110110101 00. 1101101010 706. 1001111110 101 0011100 16.
11011010 00101311011001011001100. 10110, 110101 1001111100 33.

631. 639. 1030110000 (0010110011) 330.
1101101111, 111011101 0101100. 1100. 1011101110 rex 10010111οω310.

3. 4. 336-393. 671-673. 633. 693. 10111101 01106000 31001001010101010

636. 49.

1101101110, 1110111011 0101101100. 10111010 463. 467.

31 666-603. 1011011011 01001. 464
11101110 00. 3111101010 363. 1101101010 00. Το110101010 193.
1101101110 00101. 0011101010ίο 734. 10111101110 II rex 0011100 361.
1110111οΙ rex 711. 713. 1001111110, 1011110110, 1011111101
1110111011111 30101100711. 110,1011101110 rex 101010111136
1101101110 001100 (30101101001011) 41163177. 1701111171.

704. 1000111011 0000 346. 347. 360.
1101101110 01110 1101010101 336. 10101110 00. 0010110101 193.
1001101110 00. 1110010101 363. Agnes 11. Ηο111101111 11107331Ἇ
1110111110 (1. 1111101110) 661. Igno 196.
1101ςί010 0011. 614. 1011001111 163ς v. 0010110
11010010101100110010111001010 733. 1110101 711.

736. Alamannia, Alamanni 103. 116. 633.
110110111οΙ 01100 corbeiensis 317. 703. 704. 706.

110110110, 1101001 01001. 476. 601. S. Albani 0001. 1100. 333. 474. 613.
1101110110 0011. 0001. Rom. 377. 644. 646 sq. 631. 714-730.

Adam 00. 1011110101 363. 1110101000 000. 10101100, 1101111010.
1100001000110 0001. 433. Albensi! 00. 00101011110.

 

