736
0555555655 eomes, peter 05555611 055555655151 793.

regis 704.

65555655 5555. 551. Rheni 639.

05555655 eom. Sssvester 699. 709.

0555555655 155155 334.

055555655555 555. 55651555, 115651-
tus, legino, 85155551, 85155555 Π,
1151555, 0555555655 111, 0651515551.

Constantinus ep. Albensis 353.

cornubia 38.

eoemogrsiiornm 5551 991.

5555555555, 5515555555 156157.

Creme 639. 643,

Crescens ep. biog. 9. 3.

0555555655 359.

0565555155, (151555555155 5555155.
0551555. 900. 961. 966.

0565555155 55515615155555515 301.

(issent fl. 444.

Guentswieh 444.

Onnebnrgs abbatissa 109.

0555555615 ux. Heimiei 11 imp. 360.

0555555565 (0555556615) 55. 0515-
5151 111 imp. 599.

Oeno 555555511555515 393.

0555 55. Praenestinus 387. 389. 390.

05565516 rex 704.

Gariennos epp. 06551555 1, 77165.

Guthburgs regins 975.

cyneberhtns 61555555 900.

01555555655, Gynesrdns 55. Vinio-
niens. 968. 969. 987.

05555565 939.

05555511 rex besidentsiinm 85555555

1155555555 eomes 795.

0565555 55. 197.

05555555155, 0535555555 1555155555.
960. 791. 793.

0551555155 55. Pisanus 373.

0515551555 798.

Dani 509.

055151, 0551551 ep. Vinion 61. 71. 99.
157. 161. 167. 969. 976. 443.

Daniel miles 976.

Danuvius 6. 104106.

1

INDEX muri

05516 55. Spirensis 193.
05516 0555565565 649.
0551551555 914.
655555551555555 39.

0555515555 5555565155 28.
Denehsrtns‚ 05555565555555. 109. 116.
137. 141. 149. 144. 155. 945. 981.

0555551655 71. 915.

055551 presbyter 88.

05565155 55. 055555555515 193.

0555511449.

051115 449.

Diepurg 7.

0155555155 798.

0156551555 5. Τ5.

0555555155 793.

05651555 506.

0555151555 presb. sit. S. Prisese 136.
141144147.

0555555515 95. 38.

05555155, Nemus 5515555555 559.

0555151441.

0515, 0565 555, 8. Petri 997.

Drogo 61.(15515555551 184.

Drubertus praepositus 796.

05665 555. 97.

0565 irater 4555161 5555155. 1⁰8·
656. 665.

0555555 55555555 987. ,

Dyme, 55155 0555551555 83.

0555555555 esen. 439.

0555 55555 300.

Erebe, 05555, 0555 presb. 98. 99. 10).
166.

05655555, 5555115558. 1111655655 Τ55·
55155515 53. 84. 98. 911. 919. 214.

05165555515 66.

055555551459.

0555555155 981.

Esngyth abbatisse 66.

0555511 55555 989. 983.

0555555655 I ep. Bsrnberg. 369.

05555551 dux Francorum 705.

0555555655 61. 45555111 65515 05555155 ⁴

 

