51555 555555 136

51551555 professor Romsnsis 586. 55555555 55. 1155515555. 566. 569.
51551555 325. 5551515 258.

5115555551 555. 8515555555515 280. 55515155 280.

5155555515155. 294. 5511155 280.

5155555155111555551 5551555155 5555- 8. Apollinaris 5555. 1155555155 513. 514.

5555555515131.132.136-145. 151. 5555515555 mons 622.

155. 182. 458. 413. 495. 555115 691.

5115555155 55555 238. Aquensis sp. 5555.

51555555 obbas 126. Aquis 392.109.110.113.

5155555 313. 314. 5551551551 106.

51555555 216. 5555555155 55555. 182.
51555555516 5555 401-409. 686693. Argentiusnsos 555. Adsis, 11555111,
51155555 ror 110. werinharius 1, Gono.

51555555 555 Norihunhumbrorusu 284. 55555555515 ordo 101.

51555 450. 622. 55155, 5555 5555155. 1155. 2. 4. 658
5155115 105. -312, 539. 540. 121. 124.
5115515555, 5155515555 555. 1155555- Arnoidus 5555155. 1155. 2. 4. uos-405.

bun, 5551 55. 8555555555515 24- 604-615. 684-690.

46. 215. 55551555 5558555151555515 523. 538.
5. 5115 451. Arnoidus 5555555. 1155555555 414
5115555555 81. 55551155555551155 128.

Altum monssisriurn 1151551. 513. 511. 55551555 555155 soni. 8115511511155.
51551555, 515511 80. 490. 646.

5555155555 555. 1155555555515 618. 55551555 Rufius iiog. 625. 629. 600.
Amsithrnthss 280. 55551155 5555155. 1155555515 851.
5555555555, 5555555555 448. 455. 55551155 imp. 104.

416501. 649. 55551155 dux 85555155 105.
5155551155 280. 55555555 125.

Ambisnsnsis 55. Rimbsrhtus. 5515 (Hassis) 612.
Ambrosianum psalterium 581. 55555155 501. 502.
5555155155 presb. tit. S. Murius 166. 55555555 121.
141. 144. 141. Asuuius 80.
Anastasius 5555. soni. Rom. 311. 515515555 245.
5155151155 Alexandrinus, 55. 55551555- 5155511 280.

515 28. 5115 presb. 624.

55555555 555. 8. cunensis 1151155- 55551555 55. Oonstsntionsis 102.

515 381. Augus, 55515555611108-105, ἱ
55555511555 marchis 410. Augusto, Augussbmg 104. 415, 555.
Andhunus 184. 11555165551555, 8551555555.
8. Andreas 5555. propo Fuidom (No Augusiinus praedicator 5515555 An-

, vum monasterium) 535. giorum, 5555155. (1551551. 96114.
Andreas 55. 5555515515 353. 185.

Angli 1011135155. Aureus 55. 1103. 2. 3.

5551155555 586. 589. Anno 55. Aquensis 691.

Auno 5555155. 05155155515 122128. 3555555555] 111.

5555 5511555551. 644. Boius 109.

 

